0 160 0 0 0
0 0 0 0 0
0 0 0 0 0
0 0 0 0 0
0 0 0 0 0
0 0 0 0 0
0 0 0 0 0
0 0 0 0 0
0 0 0 0 0
0 0 0 0 0
0 0 0 0 0
0 428 0 0 0
0 428 0 0 0
0 428 0 0 0
0 428 0 0 0
0 428 0 0 0
0 428 0 0 0
0 428 0 0 0
0 428 0 0 0
0 428 0 0 0
0 428 0 0 0
0 428 0 0 0
0 428 0 0 0
0 428 0 0 0
0 428 0 0 0
0 428 0 0 0
0 428 0 0 0
0 428 0 0 0
0 428 0 0 0
0 428 0 0 0
0 428 0 0 0
0 428 0 0 0
0 428 0 0 0
0 428 0 0 0
0 428 0 0 0
0 428 0 0 0
0 428 0 0 0
0 428 0 0 0
0 428 0 0 0
0 428 0 0 0
0 428 0 0 0
0 428 0 0 0
0 428 0 0 0
0 428 0 0 0
0 428 0 0 0
0 428 0 0 0
0 428 0 0 0
0 428 0 0 0
0 428 0 0 0
0 428 0 0 0
0 428 0 0 0
0 428 0 0 0
0 428 0 0 0
0 428 0 0 0
0 428 0 0 0
0 428 0 0 0
0 428 0 0 0
0 428 0 0 0
0 428 0 0 0
0 428 0 0 0
0 428 0 0 0
0 428 0 0 0
0 428 0 0 0
0 428 0 0 0
0 428 0 0 0
0 428 0 0 0
0 428 0 0 0
0 428 0 0 0
0 428 0 0 0
0 428 0 0 0
0 428 0 0 0
0 0 0 0 0
0 0 0 0 0
0 0 0 0 0
0 0 0 0 0
0 0 0 0 0
0 0 0 0 0
0 0 0 0 0
0 0 0 0 0
0 0 0 0 0
0 0 0 0 0
0 30 0 0 0
0 30 0 0 0
0 30 0 0 0
0 30 0 0 0
0 30 0 0 0
0 30 0 0 0
0 30 0 0 0
0 30 0 0 0
0 30 0 0 0
0 30 0 0 0
0 30 0 0 0
0 30 0 0 0
0 30 0 0 0
0 30 0 0 0
0 30 0 0 0
0 30 0 0 0
0 30 0 0 0
0 30 0 0 0
0 30 0 0 0
0 30 0 0 0
0 30 0 0 0
0 30 0 0 0
0 30 0 0 0
0 30 0 0 0
0 30 0 0 0
0 30 0 0 0
0 30 0 0 0
0 30 0 0 0
0 30 0 0 0
0 30 0 0 0
0 30 0 0 0
0 30 0 0 0
0 30 0 0 0
0 30 0 0 0
0 30 0 0 0
0 30 0 0 0
0 30 0 0 0
0 30 0 0 0
0 30 0 0 0
0 30 0 0 0
0 30 0 0 0
0 30 0 0 0
0 30 0 0 0
0 30 0 0 0
0 30 0 0 0
0 30 0 0 0
0 30 0 0 0
0 30 0 0 0
0 30 0 0 0
0 30 0 0 0
0 30 0 0 0
0 30 0 0 0
0 30 0 0 0
0 30 0 0 0
0 30 0 0 0
0 30 0 0 0
0 30 0 0 0
0 30 0 0 0
0 30 0 0 0
0 30 0 0 0
0 0 0 0 0
0 0 0 0 0
0 0 0 0 0
0 0 0 0 0
0 0 0 0 0
0 0 0 0 0
0 0 0 0 0
0 0 0 0 0
0 0 0 0 0
0 0 0 0 0
0 0 0 0 0
0 0 0 0 0
0 0 0 0 0
0 0 0 0 0
0 0 0 0 0
0 0 0 0 0
0 0 0 0 0
0 0 0 0 0
0 0 0 0 0
0 0 0 0 0
